player_name,pos,team_name,snap_num,l_end,l_tckl,l_guard,mid,r_guard,r_tckl,r_end
Justin Bethel,CB,Arizona Cardinals,322,0.2,0.0,0.0,0.5,0.0,0.1,0.2
Harlan Miller,CB,Arizona Cardinals,45,0.0,0.25,0.0,0.5,0.0,0.0,0.25
Patrick Peterson,CB,Arizona Cardinals,237,0.0,0.0,0.0,0.6,0.0,0.2,0.2
Tramon Williams,CB,Arizona Cardinals,138,0.0,0.2,0.2,0.2,0.0,0.0,0.4
Rodney Gunter,DT,Arizona Cardinals,185,0.07692307692307693,0.0,0.0,0.6923076923076923,0.07692307692307693,0.0,0.15384615384615385
Josh Mauro,DT,Arizona Cardinals,284,0.13636363636363635,0.13636363636363635,0.09090909090909091,0.5454545454545454,0.045454545454545456,0.045454545454545456,0.0
Robert Nkemdiche,DT,Arizona Cardinals,133,0.0,0.3,0.0,0.3,0.1,0.3,0.0
Corey Peters,DT,Arizona Cardinals,365,0.15,0.15,0.0,0.35,0.05,0.15,0.15
Olsen Pierre,DT,Arizona Cardinals,308,0.2857142857142857,0.19047619047619047,0.14285714285714285,0.19047619047619047,0.047619047619047616,0.14285714285714285,0.0
Frostee Rucker,DT,Arizona Cardinals,436,0.12,0.24,0.0,0.4,0.12,0.04,0.08
Xavier Williams,DT,Arizona Cardinals,211,0.16666666666666666,0.1111111111111111,0.0,0.2222222222222222,0.16666666666666666,0.2222222222222222,0.1111111111111111
Budda Baker,FS,Arizona Cardinals,364,0.0,0.19047619047619047,0.0,0.47619047619047616,0.047619047619047616,0.2857142857142857,0.0
Tyrann Mathieu,FS,Arizona Cardinals,787,0.2727272727272727,0.0,0.0,0.4090909090909091,0.09090909090909091,0.09090909090909091,0.13636363636363635
Deone Bucannon,LB,Arizona Cardinals,705,0.18604651162790697,0.09302325581395349,0.046511627906976744,0.46511627906976744,0.06976744186046512,0.06976744186046512,0.06976744186046512
Karlos Dansby,LB,Arizona Cardinals,857,0.09615384615384616,0.1346153846153846,0.038461538461538464,0.4423076923076923,0.0,0.07692307692307693,0.21153846153846154
Markus Golden,LB,Arizona Cardinals,230,0.125,0.0,0.0,0.5,0.0,0.25,0.125
Chandler Jones,LB,Arizona Cardinals,973,0.13157894736842105,0.10526315789473684,0.05263157894736842,0.47368421052631576,0.02631578947368421,0.05263157894736842,0.15789473684210525
Kareem Martin,LB,Arizona Cardinals,379,0.0,0.1111111111111111,0.0,0.5,0.05555555555555555,0.1111111111111111,0.2222222222222222
Haason Reddick,LB,Arizona Cardinals,260,0.06666666666666667,0.13333333333333333,0.0,0.26666666666666666,0.0,0.13333333333333333,0.4
Antoine Bethea,SS,Arizona Cardinals,553,0.17857142857142858,0.10714285714285714,0.03571428571428571,0.32142857142857145,0.10714285714285714,0.03571428571428571,0.21428571428571427
Tyvon Branch,SS,Arizona Cardinals,564,0.18421052631578946,0.02631578947368421,0.13157894736842105,0.39473684210526316,0.05263157894736842,0.10526315789473684,0.10526315789473684
Robert Alford,CB,Atlanta Falcons,522,0.3333333333333333,0.4444444444444444,0.0,0.1111111111111111,0.0,0.0,0.1111111111111111
C.J. Goodwin,CB,Atlanta Falcons,47,0.0,0.0,0.0,0.0,0.0,1.0,0.0
Brian Poole,CB,Atlanta Falcons,363,0.3076923076923077,0.0,0.15384615384615385,0.38461538461538464,0.0,0.0,0.15384615384615385
Desmond Trufant,CB,Atlanta Falcons,476,0.36363636363636365,0.0,0.0,0.0,0.0,0.5454545454545454,0.09090909090909091
Adrian Clayborn,DE,Atlanta Falcons,216,0.0,0.0,0.0,0.3333333333333333,0.0,0.6666666666666666,0.0
Takkarist McKinley,DE,Atlanta Falcons,242,0.23076923076923078,0.07692307692307693,0.23076923076923078,0.07692307692307693,0.15384615384615385,0.23076923076923078,0.0
Derrick Shelby,DE,Atlanta Falcons,345,0.14814814814814814,0.25925925925925924,0.14814814814814814,0.14814814814814814,0.14814814814814814,0.07407407407407407,0.07407407407407407
Courtney Upshaw,DE,Atlanta Falcons,48,0.0,0.2,0.2,0.0,0.2,0.2,0.2
Jack Crawford,DT,Atlanta Falcons,70,0.0,0.0,0.0,0.25,0.5,0.25,0.0
Grady Jarrett,DT,Atlanta Falcons,645,0.16279069767441862,0.13953488372093023,0.18604651162790697,0.16279069767441862,0.13953488372093023,0.13953488372093023,0.06976744186046512
Dontari Poe,DT,Atlanta Falcons,690,0.06060606060606061,0.21212121212121213,0.21212121212121213,0.18181818181818182,0.09090909090909091,0.18181818181818182,0.06060606060606061
Keanu Neal,FS,Atlanta Falcons,975,0.1,0.14,0.14,0.16,0.08,0.24,0.14
Vic Beasley,LB,Atlanta Falcons,308,0.1875,0.0,0.25,0.1875,0.1875,0.125,0.0625
De'Vondre Campbell,LB,Atlanta Falcons,950,0.20408163265306123,0.10204081632653061,0.22448979591836735,0.10204081632653061,0.20408163265306123,0.061224489795918366,0.10204081632653061
Deion Jones,LB,Atlanta Falcons,1018,0.16216216216216217,0.10810810810810811,0.12162162162162163,0.16216216216216217,0.14864864864864866,0.1891891891891892,0.10810810810810811
Duke Riley,LB,Atlanta Falcons,186,0.125,0.1875,0.375,0.0,0.1875,0.0625,0.0625
Ricardo Allen,SS,Atlanta Falcons,642,0.16,0.08,0.12,0.04,0.08,0.16,0.36
Damontae Kazee,SS,Atlanta Falcons,136,0.4,0.0,0.1,0.1,0.1,0.2,0.1
Maurice Canady,CB,Baltimore Ravens,141,0.0,0.0,0.25,0.25,0.5,0.0,0.0
Brandon Carr,CB,Baltimore Ravens,647,0.0,0.2,0.06666666666666667,0.06666666666666667,0.3333333333333333,0.13333333333333333,0.2
Marlon Humphrey,CB,Baltimore Ravens,272,0.4,0.4,0.0,0.0,0.0,0.0,0.2
Jimmy Smith,CB,Baltimore Ravens,217,0.0,0.6,0.2,0.0,0.0,0.0,0.2
Brent Urban,DE,Baltimore Ravens,104,0.0,0.0,0.5,0.0,0.0,0.25,0.25
Willie Henry,DT,Baltimore Ravens,448,0.041666666666666664,0.041666666666666664,0.375,0.125,0.2916666666666667,0.08333333333333333,0.041666666666666664
Brandon Williams,DT,Baltimore Ravens,404,0.0,0.03333333333333333,0.26666666666666666,0.2,0.43333333333333335,0.03333333333333333,0.03333333333333333
Lardarius Webb,FS,Baltimore Ravens,305,0.07692307692307693,0.3076923076923077,0.07692307692307693,0.23076923076923078,0.15384615384615385,0.07692307692307693,0.07692307692307693
Eric Weddle,FS,Baltimore Ravens,953,0.08108108108108109,0.13513513513513514,0.2702702702702703,0.13513513513513514,0.24324324324324326,0.08108108108108109,0.05405405405405406
Kamalei Correa,LB,Baltimore Ravens,108,0.16666666666666666,0.0,0.16666666666666666,0.0,0.3333333333333333,0.16666666666666666,0.16666666666666666
Matt Judon,LB,Baltimore Ravens,690,0.09090909090909091,0.18181818181818182,0.15151515151515152,0.030303030303030304,0.24242424242424243,0.21212121212121213,0.09090909090909091
C.J. Mosley,LB,Baltimore Ravens,1077,0.013333333333333334,0.13333333333333333,0.21333333333333335,0.17333333333333334,0.30666666666666664,0.06666666666666667,0.09333333333333334
Patrick Onwuasor,LB,Baltimore Ravens,627,0.03508771929824561,0.14035087719298245,0.24561403508771928,0.14035087719298245,0.2807017543859649,0.05263157894736842,0.10526315789473684
Za'Darius Smith,LB,Baltimore Ravens,325,0.05555555555555555,0.0,0.3333333333333333,0.1111111111111111,0.2222222222222222,0.16666666666666666,0.1111111111111111
Terrell Suggs,LB,Baltimore Ravens,709,0.03125,0.09375,0.3125,0.15625,0.25,0.09375,0.0625
Tim Williams,LB,Baltimore Ravens,85,0.0,0.0,0.2,0.0,0.2,0.4,0.2
Michael Pierce,NT,Baltimore Ravens,587,0.0,0.06521739130434782,0.34782608695652173,0.17391304347826086,0.32608695652173914,0.08695652173913043,0.0
Tony Jefferson,SS,Baltimore Ravens,1083,0.023809523809523808,0.09523809523809523,0.19047619047619047,0.11904761904761904,0.3333333333333333,0.07142857142857142,0.16666666666666666
Anthony Levine,SS,Baltimore Ravens,74,0.2,0.0,0.0,0.0,0.0,0.0,0.8
E.J. Gaines,CB,Buffalo Bills,380,0.35714285714285715,0.07142857142857142,0.14285714285714285,0.14285714285714285,0.21428571428571427,0.0,0.07142857142857142
Leonard Johnson,CB,Buffalo Bills,352,0.3,0.1,0.2,0.1,0.0,0.2,0.1
TreDavious White,CB,Buffalo Bills,751,0.041666666666666664,0.041666666666666664,0.041666666666666664,0.20833333333333334,0.2916666666666667,0.25,0.125
Shareece Wright,CB,Buffalo Bills,322,0.21428571428571427,0.2857142857142857,0.14285714285714285,0.14285714285714285,0.21428571428571427,0.0,0.0
Nordly Capi,DE,Buffalo Bills,41,0.3333333333333333,0.0,0.0,0.3333333333333333,0.3333333333333333,0.0,0.0
Ryan Davis,DE,Buffalo Bills,302,0.06666666666666667,0.13333333333333333,0.2,0.26666666666666666,0.2,0.13333333333333333,0.0
Jerry Hughes,DE,Buffalo Bills,616,0.18421052631578946,0.07894736842105263,0.2631578947368421,0.23684210526315788,0.07894736842105263,0.13157894736842105,0.02631578947368421
Shaq Lawson,DE,Buffalo Bills,355,0.0,0.0,0.11538461538461539,0.46153846153846156,0.11538461538461539,0.11538461538461539,0.19230769230769232
Eddie Yarbrough,DE,Buffalo Bills,391,0.06666666666666667,0.03333333333333333,0.16666666666666666,0.23333333333333334,0.1,0.23333333333333334,0.16666666666666666
Rickey Hatley,DT,Buffalo Bills,25,0.0,0.0,0.0,1.0,0.0,0.0,0.0
Cedric Thornton,DT,Buffalo Bills,289,0.19047619047619047,0.14285714285714285,0.23809523809523808,0.2857142857142857,0.047619047619047616,0.09523809523809523,0.0
Adolphus Washington,DT,Buffalo Bills,429,0.1,0.2,0.03333333333333333,0.3333333333333333,0.1,0.16666666666666666,0.06666666666666667
Kyle Williams,DT,Buffalo Bills,756,0.05714285714285714,0.17142857142857143,0.11428571428571428,0.45714285714285713,0.14285714285714285,0.05714285714285714,0.0
Jerel Worthy,DT,Buffalo Bills,49,0.0,0.0,0.3333333333333333,0.0,0.3333333333333333,0.3333333333333333,0.0
Jordan Poyer,FS,Buffalo Bills,1038,0.041666666666666664,0.125,0.20833333333333334,0.3333333333333333,0.0625,0.10416666666666667,0.125
Lorenzo Alexander,LB,Buffalo Bills,581,0.08108108108108109,0.16216216216216217,0.05405405405405406,0.32432432432432434,0.16216216216216217,0.10810810810810811,0.10810810810810811
Preston Brown,LB,Buffalo Bills,1098,0.125,0.1625,0.0375,0.3375,0.125,0.125,0.0875
Ramon Humber,LB,Buffalo Bills,549,0.0851063829787234,0.10638297872340426,0.1276595744680851,0.2978723404255319,0.1276595744680851,0.19148936170212766,0.06382978723404255
Matt Milano,LB,Buffalo Bills,415,0.2,0.12,0.12,0.28,0.12,0.0,0.16
Trae Elston,SS,Buffalo Bills,92,0.2,0.0,0.0,0.4,0.0,0.4,0.0
Micah Hyde,SS,Buffalo Bills,745,0.13157894736842105,0.10526315789473684,0.10526315789473684,0.3157894736842105,0.05263157894736842,0.10526315789473684,0.18421052631578946
James Bradberry,CB,Carolina Panthers,866,0.0,0.09090909090909091,0.09090909090909091,0.13636363636363635,0.09090909090909091,0.4090909090909091,0.18181818181818182
Captain Munnerlyn,CB,Carolina Panthers,117,0.0,0.0,0.3333333333333333,0.3333333333333333,0.0,0.3333333333333333,0.0
Daryl Worley,CB,Carolina Panthers,458,0.14285714285714285,0.21428571428571427,0.2857142857142857,0.14285714285714285,0.14285714285714285,0.0,0.07142857142857142
Mario Addison,DE,Carolina Panthers,605,0.14285714285714285,0.21428571428571427,0.10714285714285714,0.21428571428571427,0.14285714285714285,0.10714285714285714,0.07142857142857142
Wes Horton,DE,Carolina Panthers,146,0.1111111111111111,0.1111111111111111,0.1111111111111111,0.3333333333333333,0.0,0.2222222222222222,0.1111111111111111
Julius Peppers,DE,Carolina Panthers,380,0.05555555555555555,0.2222222222222222,0.05555555555555555,0.3333333333333333,0.1111111111111111,0.16666666666666666,0.05555555555555555
Vernon Butler,DT,Carolina Panthers,188,0.0,0.08333333333333333,0.0,0.4166666666666667,0.16666666666666666,0.3333333333333333,0.0
Star Lotulelei,DT,Carolina Panthers,477,0.0,0.25,0.1,0.35,0.05,0.15,0.1
Kyle Love,DT,Carolina Panthers,213,0.0,0.09090909090909091,0.2727272727272727,0.5454545454545454,0.09090909090909091,0.0,0.0
Kawann Short,DT,Carolina Panthers,653,0.05,0.225,0.1,0.375,0.125,0.1,0.025
Jairus Byrd,FS,Carolina Panthers,38,0.0,0.0,0.25,0.25,0.0,0.25,0.25
Kurt Coleman,FS,Carolina Panthers,637,0.034482758620689655,0.20689655172413793,0.06896551724137931,0.41379310344827586,0.13793103448275862,0.10344827586206896,0.034482758620689655
Colin Jones,FS,Carolina Panthers,170,0.0,0.0,0.3076923076923077,0.07692307692307693,0.15384615384615385,0.3076923076923077,0.15384615384615385
Thomas Davis,LB,Carolina Panthers,766,0.1951219512195122,0.07317073170731707,0.0975609756097561,0.21951219512195122,0.12195121951219512,0.17073170731707318,0.12195121951219512
Luke Kuechly,LB,Carolina Panthers,915,0.1,0.18571428571428572,0.11428571428571428,0.24285714285714285,0.08571428571428572,0.1,0.17142857142857143
David Mayo,LB,Carolina Panthers,113,0.2222222222222222,0.0,0.1111111111111111,0.2222222222222222,0.2222222222222222,0.0,0.2222222222222222
Shaq Thompson,LB,Carolina Panthers,601,0.13333333333333333,0.23333333333333334,0.03333333333333333,0.2,0.06666666666666667,0.16666666666666666,0.16666666666666666
Mike Adams,SS,Carolina Panthers,963,0.07894736842105263,0.05263157894736842,0.13157894736842105,0.34210526315789475,0.13157894736842105,0.13157894736842105,0.13157894736842105
Demetrious Cox,SS,Carolina Panthers,38,0.0,0.0,1.0,0.0,0.0,0.0,0.0
Prince Amukamara,CB,Chicago Bears,522,0.7692307692307693,0.07692307692307693,0.0,0.0,0.07692307692307693,0.0,0.07692307692307693
Bryce Callahan,CB,Chicago Bears,220,0.2,0.0,0.0,0.2,0.2,0.2,0.2
Marcus Cooper,CB,Chicago Bears,83,0.0,0.0,0.0,0.25,0.25,0.25,0.25
Kyle Fuller,CB,Chicago Bears,593,0.10526315789473684,0.10526315789473684,0.05263157894736842,0.05263157894736842,0.15789473684210525,0.2631578947368421,0.2631578947368421
Cre'von LeBlanc,CB,Chicago Bears,167,0.0,0.2,0.0,0.0,0.0,0.2,0.6
Jonathan Bullard,DE,Chicago Bears,322,0.045454545454545456,0.13636363636363635,0.13636363636363635,0.22727272727272727,0.18181818181818182,0.13636363636363635,0.13636363636363635
Akiem Hicks,DE,Chicago Bears,899,0.022727272727272728,0.11363636363636363,0.18181818181818182,0.20454545454545456,0.25,0.11363636363636363,0.11363636363636363
Roy Robertson-Harris,DE,Chicago Bears,119,0.0,0.4444444444444444,0.0,0.4444444444444444,0.0,0.0,0.1111111111111111
Mitch Unrein,DE,Chicago Bears,358,0.1111111111111111,0.07407407407407407,0.2222222222222222,0.2962962962962963,0.14814814814814814,0.14814814814814814,0.0
Adrian Amos,FS,Chicago Bears,595,0.17857142857142858,0.25,0.14285714285714285,0.21428571428571427,0.03571428571428571,0.07142857142857142,0.10714285714285714
Eddie Jackson,FS,Chicago Bears,727,0.0967741935483871,0.0967741935483871,0.25806451612903225,0.22580645161290322,0.0967741935483871,0.0967741935483871,0.12903225806451613
Sam Acho,LB,Chicago Bears,481,0.12,0.24,0.08,0.12,0.12,0.28,0.04
Jonathan Anderson,LB,Chicago Bears,31,0.0,0.25,0.0,0.0,0.25,0.5,0.0
Leonard Floyd,LB,Chicago Bears,463,0.14285714285714285,0.14285714285714285,0.19047619047619047,0.14285714285714285,0.047619047619047616,0.23809523809523808,0.09523809523809523
Jerrell Freeman,LB,Chicago Bears,56,0.0,0.0,0.0,0.0,0.2,0.6,0.2
Lamarr Houston,LB,Chicago Bears,219,0.1111111111111111,0.1111111111111111,0.1111111111111111,0.2222222222222222,0.1111111111111111,0.2222222222222222,0.1111111111111111
Isaiah Irving,LB,Chicago Bears,36,0.0,0.0,0.0,0.0,0.0,0.0,1.0
Christian Jones,LB,Chicago Bears,573,0.13953488372093023,0.13953488372093023,0.18604651162790697,0.06976744186046512,0.13953488372093023,0.18604651162790697,0.13953488372093023
Nick Kwiatkoski,LB,Chicago Bears,319,0.045454545454545456,0.13636363636363635,0.13636363636363635,0.09090909090909091,0.18181818181818182,0.22727272727272727,0.18181818181818182
Pernell McPhee,LB,Chicago Bears,285,0.07692307692307693,0.15384615384615385,0.23076923076923078,0.15384615384615385,0.15384615384615385,0.07692307692307693,0.15384615384615385
John Timu,LB,Chicago Bears,108,0.14285714285714285,0.2857142857142857,0.0,0.2857142857142857,0.0,0.0,0.2857142857142857
Danny Trevathan,LB,Chicago Bears,713,0.10714285714285714,0.19642857142857142,0.25,0.125,0.19642857142857142,0.05357142857142857,0.07142857142857142
Willie Young,LB,Chicago Bears,99,0.0,0.0,0.5,0.0,0.0,0.25,0.25
Eddie Goldman,NT,Chicago Bears,587,0.05405405405405406,0.13513513513513514,0.21621621621621623,0.10810810810810811,0.35135135135135137,0.13513513513513514,0.0
John Jenkins,NT,Chicago Bears,95,0.125,0.125,0.0,0.375,0.25,0.0,0.125
Deon Bush,SS,Chicago Bears,76,0.0,0.5,0.0,0.0,0.5,0.0,0.0
Quintin Demps,SS,Chicago Bears,177,0.14285714285714285,0.0,0.42857142857142855,0.14285714285714285,0.0,0.14285714285714285,0.14285714285714285
Darqueze Dennard,CB,Cincinnati Bengals,809,0.16666666666666666,0.125,0.125,0.2916666666666667,0.125,0.041666666666666664,0.125
William Jackson,CB,Cincinnati Bengals,337,0.2,0.1,0.4,0.2,0.0,0.0,0.1
Adam Jones,CB,Cincinnati Bengals,163,0.42857142857142855,0.14285714285714285,0.2857142857142857,0.0,0.14285714285714285,0.0,0.0
Dre Kirkpatrick,CB,Cincinnati Bengals,548,0.0,0.13333333333333333,0.06666666666666667,0.2,0.0,0.3333333333333333,0.26666666666666666
Josh Shaw,CB,Cincinnati Bengals,389,0.17647058823529413,0.11764705882352941,0.23529411764705882,0.11764705882352941,0.23529411764705882,0.058823529411764705,0.058823529411764705
Carlos Dunlap,DE,Cincinnati Bengals,778,0.1,0.16666666666666666,0.23333333333333334,0.23333333333333334,0.1,0.06666666666666667,0.1
Michael Johnson,DE,Cincinnati Bengals,612,0.21052631578947367,0.13157894736842105,0.21052631578947367,0.15789473684210525,0.18421052631578946,0.02631578947368421,0.07894736842105263
Chris Smith,DE,Cincinnati Bengals,294,0.0,0.25,0.0625,0.375,0.0625,0.0625,0.1875
Jordan Willis,DE,Cincinnati Bengals,339,0.13636363636363635,0.18181818181818182,0.22727272727272727,0.18181818181818182,0.13636363636363635,0.045454545454545456,0.09090909090909091
Geno Atkins,DT,Cincinnati Bengals,692,0.08333333333333333,0.05555555555555555,0.3055555555555556,0.25,0.19444444444444445,0.05555555555555555,0.05555555555555555
Ryan Glasgow,DT,Cincinnati Bengals,353,0.043478260869565216,0.13043478260869565,0.043478260869565216,0.30434782608695654,0.17391304347826086,0.08695652173913043,0.21739130434782608
Clayton Fejedelem,FS,Cincinnati Bengals,337,0.22857142857142856,0.08571428571428572,0.2,0.22857142857142856,0.08571428571428572,0.05714285714285714,0.11428571428571428
George Iloka,FS,Cincinnati Bengals,922,0.09615384615384616,0.1346153846153846,0.21153846153846154,0.2692307692307692,0.057692307692307696,0.15384615384615385,0.07692307692307693
Brandon Bell,LB,Cincinnati Bengals,30,0.0,0.0,0.6666666666666666,0.3333333333333333,0.0,0.0,0.0
Vontaze Burfict,LB,Cincinnati Bengals,588,0.1388888888888889,0.05555555555555555,0.2222222222222222,0.1388888888888889,0.25,0.08333333333333333,0.1111111111111111
Jordan Evans,LB,Cincinnati Bengals,253,0.07142857142857142,0.07142857142857142,0.0,0.35714285714285715,0.14285714285714285,0.07142857142857142,0.2857142857142857
Carl Lawson,LB,Cincinnati Bengals,137,0.0,0.2,0.2,0.2,0.4,0.0,0.0
Kevin Minter,LB,Cincinnati Bengals,189,0.21428571428571427,0.17857142857142858,0.10714285714285714,0.07142857142857142,0.2857142857142857,0.07142857142857142,0.07142857142857142
Hardy Nickerson,LB,Cincinnati Bengals,137,0.1,0.2,0.3,0.1,0.2,0.1,0.0
Vincent Rey,LB,Cincinnati Bengals,542,0.057692307692307696,0.11538461538461539,0.21153846153846154,0.21153846153846154,0.17307692307692307,0.17307692307692307,0.057692307692307696
Nick Vigil,LB,Cincinnati Bengals,759,0.21951219512195122,0.17073170731707318,0.07317073170731707,0.3170731707317073,0.0975609756097561,0.0975609756097561,0.024390243902439025
Andrew Billings,NT,Cincinnati Bengals,229,0.07692307692307693,0.23076923076923078,0.15384615384615385,0.3076923076923077,0.23076923076923078,0.0,0.0
Pat Sims,NT,Cincinnati Bengals,208,0.08333333333333333,0.20833333333333334,0.125,0.375,0.125,0.08333333333333333,0.0
Shawn Williams,SS,Cincinnati Bengals,578,0.1724137931034483,0.13793103448275862,0.2413793103448276,0.20689655172413793,0.10344827586206896,0.06896551724137931,0.06896551724137931
Briean Boddy-Calhoun,CB,Cleveland Browns,280,0.18181818181818182,0.0,0.09090909090909091,0.0,0.45454545454545453,0.0,0.2727272727272727
Mike Jordan,CB,Cleveland Browns,73,0.0,0.0,0.0,0.0,0.6,0.4,0.0
Jason McCourty,CB,Cleveland Browns,330,0.1,0.2,0.2,0.1,0.2,0.1,0.1
Jamar Taylor,CB,Cleveland Browns,658,0.0625,0.125,0.125,0.125,0.25,0.25,0.0625
Myles Garrett,DE,Cleveland Browns,457,0.09523809523809523,0.14285714285714285,0.14285714285714285,0.23809523809523808,0.23809523809523808,0.14285714285714285,0.0
Carl Nassib,DE,Cleveland Browns,596,0.038461538461538464,0.07692307692307693,0.038461538461538464,0.2692307692307692,0.46153846153846156,0.11538461538461539,0.0
Emmanuel Ogbah,DE,Cleveland Browns,341,0.0,0.08333333333333333,0.08333333333333333,0.125,0.2916666666666667,0.3333333333333333,0.08333333333333333
Nate Orchard,DE,Cleveland Browns,314,0.0,0.17647058823529413,0.17647058823529413,0.11764705882352941,0.35294117647058826,0.17647058823529413,0.0
Caleb Brantley,DT,Cleveland Browns,174,0.0,0.21428571428571427,0.35714285714285715,0.07142857142857142,0.21428571428571427,0.0,0.14285714285714285
Trevon Coley,DT,Cleveland Browns,617,0.11764705882352941,0.17647058823529413,0.11764705882352941,0.11764705882352941,0.23529411764705882,0.17647058823529413,0.058823529411764705
Jamie Meder,DT,Cleveland Browns,143,0.16666666666666666,0.16666666666666666,0.25,0.08333333333333333,0.3333333333333333,0.0,0.0
Larry Ogunjobi,DT,Cleveland Browns,265,0.06666666666666667,0.13333333333333333,0.26666666666666666,0.1,0.3,0.1,0.03333333333333333
Danny Shelton,DT,Cleveland Browns,408,0.06060606060606061,0.030303030303030304,0.12121212121212122,0.21212121212121213,0.24242424242424243,0.2727272727272727,0.06060606060606061
Ibraheim Campbell,FS,Cleveland Browns,162,0.0,0.0,0.25,0.125,0.25,0.25,0.125
Jabrill Peppers,FS,Cleveland Browns,745,0.14814814814814814,0.1111111111111111,0.18518518518518517,0.07407407407407407,0.2962962962962963,0.14814814814814814,0.037037037037037035
James Burgess,LB,Cleveland Browns,558,0.1794871794871795,0.1282051282051282,0.1282051282051282,0.10256410256410256,0.28205128205128205,0.10256410256410256,0.07692307692307693
Jamie Collins,LB,Cleveland Browns,323,0.05263157894736842,0.15789473684210525,0.2631578947368421,0.15789473684210525,0.2631578947368421,0.10526315789473684,0.0
Lavar Edwards,LB,Cleveland Browns,40,0.0,0.0,0.5,0.0,0.5,0.0,0.0
Christian Kirksey,LB,Cleveland Browns,1068,0.09375,0.109375,0.15625,0.171875,0.234375,0.1875,0.046875
Joe Schobert,LB,Cleveland Browns,1068,0.1111111111111111,0.06060606060606061,0.12121212121212122,0.1414141414141414,0.35353535353535354,0.16161616161616163,0.050505050505050504
T.Y. McGill,NT,Cleveland Browns,26,0.0,1.0,0.0,0.0,0.0,0.0,0.0
Justin Currie,SS,Cleveland Browns,21,0.0,0.0,0.0,1.0,0.0,0.0,0.0
Derrick Kindred,SS,Cleveland Browns,638,0.03333333333333333,0.1,0.23333333333333334,0.13333333333333333,0.36666666666666664,0.1,0.03333333333333333
Kai Nacua,SS,Cleveland Browns,114,0.5,0.0,0.5,0.0,0.0,0.0,0.0
Chidobe Awuzie,CB,Dallas Cowboys,235,0.0,0.0,0.0,0.0,0.0,0.5714285714285714,0.42857142857142855
Anthony Brown,CB,Dallas Cowboys,541,0.0,0.2,0.13333333333333333,0.06666666666666667,0.13333333333333333,0.06666666666666667,0.4
Jourdan Lewis,CB,Dallas Cowboys,473,0.5333333333333333,0.13333333333333333,0.06666666666666667,0.13333333333333333,0.0,0.06666666666666667,0.06666666666666667
Orlando Scandrick,CB,Dallas Cowboys,438,0.38461538461538464,0.07692307692307693,0.15384615384615385,0.07692307692307693,0.23076923076923078,0.07692307692307693,0.0
Taco Charlton,DE,Dallas Cowboys,212,0.0,0.0,0.16666666666666666,0.4166666666666667,0.16666666666666666,0.16666666666666666,0.08333333333333333
Tyrone Crawford,DE,Dallas Cowboys,508,0.19047619047619047,0.19047619047619047,0.047619047619047616,0.42857142857142855,0.047619047619047616,0.09523809523809523,0.0
David Irving,DE,Dallas Cowboys,290,0.07142857142857142,0.07142857142857142,0.14285714285714285,0.2857142857142857,0.07142857142857142,0.21428571428571427,0.14285714285714285
Datone Jones,DE,Dallas Cowboys,117,0.14285714285714285,0.0,0.14285714285714285,0.5714285714285714,0.14285714285714285,0.0,0.0
Demarcus Lawrence,DE,Dallas Cowboys,635,0.027777777777777776,0.1111111111111111,0.1111111111111111,0.3333333333333333,0.16666666666666666,0.16666666666666666,0.08333333333333333
Benson Mayowa,DE,Dallas Cowboys,257,0.06666666666666667,0.2,0.0,0.6,0.06666666666666667,0.0,0.06666666666666667
Richard Ash,DT,Dallas Cowboys,174,0.07142857142857142,0.14285714285714285,0.14285714285714285,0.35714285714285715,0.21428571428571427,0.07142857142857142,0.0
Maliek Collins,DT,Dallas Cowboys,428,0.125,0.0625,0.125,0.1875,0.125,0.125,0.25
Lewis Neal,DT,Dallas Cowboys,109,0.14285714285714285,0.0,0.2857142857142857,0.42857142857142855,0.14285714285714285,0.0,0.0
Stephen Paea,DT,Dallas Cowboys,77,0.0,0.0,0.5,0.5,0.0,0.0,0.0
Daniel Ross,DT,Dallas Cowboys,48,0.0,0.0,0.0,0.3333333333333333,0.0,0.6666666666666666,0.0
Byron Jones,FS,Dallas Cowboys,768,0.12903225806451613,0.3548387096774194,0.06451612903225806,0.06451612903225806,0.16129032258064516,0.0967741935483871,0.12903225806451613
Xavier Woods,FS,Dallas Cowboys,274,0.16666666666666666,0.16666666666666666,0.0,0.4166666666666667,0.0,0.08333333333333333,0.16666666666666666
Justin Durant,LB,Dallas Cowboys,96,0.125,0.125,0.0,0.375,0.25,0.125,0.0
Anthony Hitchens,LB,Dallas Cowboys,545,0.16,0.22,0.06,0.26,0.1,0.14,0.06
Sean Lee,LB,Dallas Cowboys,614,0.0784313725490196,0.17647058823529413,0.11764705882352941,0.23529411764705882,0.17647058823529413,0.0784313725490196,0.13725490196078433
Damien Wilson,LB,Dallas Cowboys,226,0.17647058823529413,0.23529411764705882,0.058823529411764705,0.17647058823529413,0.11764705882352941,0.058823529411764705,0.17647058823529413
Jeff Heath,SS,Dallas Cowboys,596,0.35714285714285715,0.07142857142857142,0.03571428571428571,0.21428571428571427,0.03571428571428571,0.10714285714285714,0.17857142857142858
Chris Harris,CB,Denver Broncos,325,0.3,0.2,0.1,0.2,0.1,0.0,0.1
Brendan Langley,CB,Denver Broncos,43,0.0,0.0,0.0,1.0,0.0,0.0,0.0
Bradley Roby,CB,Denver Broncos,276,0.25,0.25,0.0,0.375,0.0,0.125,0.0
Aqib Talib,CB,Denver Broncos,291,0.0,0.0,0.0,0.2857142857142857,0.0,0.5714285714285714,0.14285714285714285
Adam Gotsis,DE,Denver Broncos,434,0.14285714285714285,0.11428571428571428,0.11428571428571428,0.5428571428571428,0.02857142857142857,0.05714285714285714,0.0
Shelby Harris,DE,Denver Broncos,490,0.17857142857142858,0.14285714285714285,0.14285714285714285,0.32142857142857145,0.03571428571428571,0.10714285714285714,0.07142857142857142
Zach Kerr,DE,Denver Broncos,223,0.0,0.05555555555555555,0.2777777777777778,0.4444444444444444,0.1111111111111111,0.05555555555555555,0.05555555555555555
Derek Wolfe,DE,Denver Broncos,458,0.14814814814814814,0.14814814814814814,0.07407407407407407,0.48148148148148145,0.07407407407407407,0.07407407407407407,0.0
Kyle Peko,DT,Denver Broncos,51,0.0,0.0,0.2,0.2,0.6,0.0,0.0
Will Parks,FS,Denver Broncos,461,0.043478260869565216,0.08695652173913043,0.13043478260869565,0.5652173913043478,0.0,0.043478260869565216,0.13043478260869565
Darian Stewart,FS,Denver Broncos,711,0.2571428571428571,0.05714285714285714,0.02857142857142857,0.45714285714285713,0.08571428571428572,0.05714285714285714,0.05714285714285714
Shaquil Barrett,LB,Denver Broncos,576,0.07692307692307693,0.19230769230769232,0.15384615384615385,0.2692307692307692,0.0,0.11538461538461539,0.19230769230769232
Todd Davis,LB,Denver Broncos,504,0.06557377049180328,0.18032786885245902,0.11475409836065574,0.36065573770491804,0.14754098360655737,0.06557377049180328,0.06557377049180328
Kasim Edebali,LB,Denver Broncos,19,0.0,0.0,0.0,1.0,0.0,0.0,0.0
Jerrol Garcia-Williams,LB,Denver Broncos,23,0.0,1.0,0.0,0.0,0.0,0.0,0.0
Brandon Marshall,LB,Denver Broncos,909,0.09615384615384616,0.17307692307692307,0.11538461538461539,0.3076923076923077,0.1346153846153846,0.038461538461538464,0.1346153846153846
Von Miller,LB,Denver Broncos,706,0.024390243902439025,0.12195121951219512,0.07317073170731707,0.2926829268292683,0.0975609756097561,0.0975609756097561,0.2926829268292683
Deiontrez Mount,LB,Denver Broncos,39,0.0,0.16666666666666666,0.0,0.5,0.0,0.3333333333333333,0.0
Shane Ray,LB,Denver Broncos,354,0.07692307692307693,0.23076923076923078,0.0,0.3076923076923077,0.07692307692307693,0.15384615384615385,0.15384615384615385
Domata Peko,NT,Denver Broncos,436,0.030303030303030304,0.18181818181818182,0.12121212121212122,0.42424242424242425,0.15151515151515152,0.030303030303030304,0.06060606060606061
Dymonte Thomas,S,Denver Broncos,57,0.0,0.0,0.0,0.0,0.0,1.0,0.0
Justin Simmons,SS,Denver Broncos,679,0.2571428571428571,0.14285714285714285,0.17142857142857143,0.2857142857142857,0.02857142857142857,0.0,0.11428571428571428
Jamal Agnew,CB,Detroit Lions,57,0.0,0.0,0.0,1.0,0.0,0.0,0.0
Quandre Diggs,CB,Detroit Lions,507,0.11764705882352941,0.11764705882352941,0.11764705882352941,0.29411764705882354,0.17647058823529413,0.058823529411764705,0.11764705882352941
D.J. Hayden,CB,Detroit Lions,200,0.2857142857142857,0.42857142857142855,0.0,0.2857142857142857,0.0,0.0,0.0
Nevin Lawson,CB,Detroit Lions,363,0.06666666666666667,0.2,0.06666666666666667,0.3333333333333333,0.13333333333333333,0.0,0.2
Darius Slay,CB,Detroit Lions,400,0.125,0.0,0.375,0.125,0.125,0.125,0.125
Teez Tabor,CB,Detroit Lions,44,1.0,0.0,0.0,0.0,0.0,0.0,0.0
Ezekiel Ansah,DE,Detroit Lions,447,0.0,0.08333333333333333,0.125,0.5833333333333334,0.041666666666666664,0.08333333333333333,0.08333333333333333
Jacquies Smith,DE,Detroit Lions,39,1.0,0.0,0.0,0.0,0.0,0.0,0.0
Cornelius Washington,DE,Detroit Lions,386,0.1,0.15,0.05,0.25,0.2,0.1,0.15
Anthony Zettel,DE,Detroit Lions,655,0.1,0.1,0.1,0.43333333333333335,0.13333333333333333,0.03333333333333333,0.1
Jeremiah Ledbetter,DT,Detroit Lions,256,0.08333333333333333,0.08333333333333333,0.25,0.4166666666666667,0.0,0.16666666666666666,0.0
Haloti Ngata,DT,Detroit Lions,78,0.4,0.0,0.0,0.2,0.0,0.2,0.2
Christian Ringo,DT,Detroit Lions,38,0.0,0.3333333333333333,0.3333333333333333,0.0,0.3333333333333333,0.0,0.0
A'Shawn Robinson,DT,Detroit Lions,689,0.0851063829787234,0.10638297872340426,0.0851063829787234,0.40425531914893614,0.1276595744680851,0.14893617021276595,0.0425531914893617
Akeem Spence,DT,Detroit Lions,563,0.03225806451612903,0.16129032258064516,0.16129032258064516,0.1935483870967742,0.1935483870967742,0.22580645161290322,0.03225806451612903
Khyri Thornton,DT,Detroit Lions,58,0.25,0.0,0.0,0.5,0.25,0.0,0.0
Glover Quin,FS,Detroit Lions,1054,0.17073170731707318,0.1951219512195122,0.024390243902439025,0.21951219512195122,0.0975609756097561,0.17073170731707318,0.12195121951219512
Charles Washington,FS,Detroit Lions,50,0.3333333333333333,0.0,0.0,0.3333333333333333,0.3333333333333333,0.0,0.0
Nick Bellore,LB,Detroit Lions,77,0.0,0.25,0.0,0.25,0.0,0.0,0.5
Jarrad Davis,LB,Detroit Lions,828,0.11538461538461539,0.17307692307692307,0.07692307692307693,0.3269230769230769,0.1346153846153846,0.09615384615384616,0.07692307692307693
Jalen Reeves-Maybin,LB,Detroit Lions,107,0.0,0.5,0.0,0.1,0.0,0.2,0.2
Tahir Whitehead,LB,Detroit Lions,950,0.11594202898550725,0.18840579710144928,0.08695652173913043,0.2318840579710145,0.08695652173913043,0.17391304347826086,0.11594202898550725
Paul Worrilow,LB,Detroit Lions,235,0.0,0.13636363636363635,0.13636363636363635,0.3181818181818182,0.13636363636363635,0.13636363636363635,0.13636363636363635
Miles Killebrew,SS,Detroit Lions,206,0.0625,0.125,0.1875,0.1875,0.125,0.0625,0.25
Tavon Wilson,SS,Detroit Lions,546,0.14814814814814814,0.14814814814814814,0.1111111111111111,0.2222222222222222,0.037037037037037035,0.14814814814814814,0.18518518518518517
Davon House,CB,Green Bay Packers,425,0.07692307692307693,0.07692307692307693,0.0,0.15384615384615385,0.07692307692307693,0.23076923076923078,0.38461538461538464
Kevin King,CB,Green Bay Packers,150,0.7142857142857143,0.2857142857142857,0.0,0.0,0.0,0.0,0.0
Lenzy Pipkins,CB,Green Bay Packers,117,0.2,0.2,0.0,0.0,0.0,0.6,0.0
Damarious Randall,CB,Green Bay Packers,586,0.3125,0.25,0.0,0.125,0.0625,0.1875,0.0625
Quinten Rollins,CB,Green Bay Packers,109,0.42857142857142855,0.14285714285714285,0.0,0.2857142857142857,0.14285714285714285,0.0,0.0
Dean Lowry,DE,Green Bay Packers,479,0.1111111111111111,0.1111111111111111,0.14814814814814814,0.2222222222222222,0.1111111111111111,0.1111111111111111,0.18518518518518517
Mike Daniels,DT,Green Bay Packers,580,0.024390243902439025,0.07317073170731707,0.17073170731707318,0.24390243902439024,0.17073170731707318,0.14634146341463414,0.17073170731707318
Kentrell Brice,FS,Green Bay Packers,289,0.09090909090909091,0.09090909090909091,0.0,0.2727272727272727,0.09090909090909091,0.0,0.45454545454545453
Ha Ha Clinton-Dix,FS,Green Bay Packers,995,0.2,0.03333333333333333,0.2,0.06666666666666667,0.16666666666666666,0.23333333333333334,0.1
Vince Biegel,LB,Green Bay Packers,99,0.0,0.25,0.125,0.125,0.125,0.125,0.25
Ahmad Brooks,LB,Green Bay Packers,290,0.06666666666666667,0.13333333333333333,0.26666666666666666,0.3333333333333333,0.0,0.06666666666666667,0.13333333333333333
Kyler Fackrell,LB,Green Bay Packers,298,0.15384615384615385,0.0,0.07692307692307693,0.23076923076923078,0.07692307692307693,0.15384615384615385,0.3076923076923077
Blake Martinez,LB,Green Bay Packers,979,0.12359550561797752,0.07865168539325842,0.0898876404494382,0.30337078651685395,0.16853932584269662,0.1348314606741573,0.10112359550561797
Clay Matthews,LB,Green Bay Packers,643,0.07407407407407407,0.037037037037037035,0.1111111111111111,0.3333333333333333,0.2222222222222222,0.037037037037037035,0.18518518518518517
Nick Perry,LB,Green Bay Packers,479,0.18518518518518517,0.1111111111111111,0.14814814814814814,0.2222222222222222,0.2222222222222222,0.0,0.1111111111111111
Jake Ryan,LB,Green Bay Packers,507,0.16129032258064516,0.1774193548387097,0.1774193548387097,0.24193548387096775,0.11290322580645161,0.08064516129032258,0.04838709677419355
Kenny Clark,NT,Green Bay Packers,684,0.02040816326530612,0.10204081632653061,0.14285714285714285,0.3673469387755102,0.20408163265306123,0.14285714285714285,0.02040816326530612
Quinton Dial,NT,Green Bay Packers,222,0.0625,0.0625,0.1875,0.25,0.1875,0.1875,0.0625
Morgan Burnett,SS,Green Bay Packers,682,0.11428571428571428,0.08571428571428572,0.22857142857142856,0.2,0.2,0.08571428571428572,0.08571428571428572
Josh Jones,SS,Green Bay Packers,614,0.038461538461538464,0.11538461538461539,0.15384615384615385,0.15384615384615385,0.11538461538461539,0.23076923076923078,0.19230769230769232
Johnthan Banks,CB,Houston Texans,26,1.0,0.0,0.0,0.0,0.0,0.0,0.0
Kareem Jackson,CB,Houston Texans,536,0.30434782608695654,0.13043478260869565,0.043478260869565216,0.2608695652173913,0.0,0.13043478260869565,0.13043478260869565
Kevin Johnson,CB,Houston Texans,385,0.26666666666666666,0.06666666666666667,0.06666666666666667,0.06666666666666667,0.26666666666666666,0.2,0.06666666666666667
Johnathan Joseph,CB,Houston Texans,439,0.07142857142857142,0.0,0.0,0.14285714285714285,0.21428571428571427,0.2857142857142857,0.2857142857142857
Marcus Williams,CB,Houston Texans,38,0.5,0.5,0.0,0.0,0.0,0.0,0.0
Angelo Blackson,DE,Houston Texans,120,0.2222222222222222,0.0,0.0,0.4444444444444444,0.1111111111111111,0.2222222222222222,0.0
Christian Covington,DE,Houston Texans,166,0.0,0.0,0.15384615384615385,0.23076923076923078,0.23076923076923078,0.3076923076923077,0.07692307692307693
Carlos Watkins,DE,Houston Texans,260,0.10526315789473684,0.10526315789473684,0.05263157894736842,0.47368421052631576,0.15789473684210525,0.10526315789473684,0.0
Marcus Gilchrist,FS,Houston Texans,532,0.13043478260869565,0.17391304347826086,0.0,0.30434782608695654,0.13043478260869565,0.13043478260869565,0.13043478260869565
Andre Hal,FS,Houston Texans,816,0.05,0.0,0.1,0.3,0.225,0.15,0.175
Jadeveon Clowney,LB,Houston Texans,895,0.16666666666666666,0.07142857142857142,0.07142857142857142,0.35714285714285715,0.14285714285714285,0.11904761904761904,0.07142857142857142
Dylan Cole,LB,Houston Texans,149,0.11764705882352941,0.11764705882352941,0.11764705882352941,0.29411764705882354,0.0,0.17647058823529413,0.17647058823529413
Zach Cunningham,LB,Houston Texans,785,0.13043478260869565,0.13043478260869565,0.043478260869565216,0.30434782608695654,0.13043478260869565,0.17391304347826086,0.08695652173913043
Brian Cushing,LB,Houston Texans,163,0.0,0.16666666666666666,0.0,0.5,0.25,0.08333333333333333,0.0
Jelani Jenkins,LB,Houston Texans,35,0.25,0.25,0.0,0.25,0.25,0.0,0.0
LaTroy Lewis,LB,Houston Texans,41,0.0,0.0,0.0,0.5,0.5,0.0,0.0
Benardrick McKinney,LB,Houston Texans,959,0.07575757575757576,0.07575757575757576,0.18181818181818182,0.30303030303030304,0.21212121212121213,0.09090909090909091,0.06060606060606061
Whitney Mercilus,LB,Houston Texans,145,0.0,0.14285714285714285,0.2857142857142857,0.42857142857142855,0.14285714285714285,0.0,0.0
Gimel President,LB,Houston Texans,33,0.0,0.0,0.0,0.5,0.5,0.0,0.0
Brennan Scarlett,LB,Houston Texans,287,0.2222222222222222,0.2222222222222222,0.1111111111111111,0.16666666666666666,0.0,0.1111111111111111,0.16666666666666666
Brandon Dunn,NT,Houston Texans,280,0.045454545454545456,0.13636363636363635,0.3181818181818182,0.22727272727272727,0.18181818181818182,0.09090909090909091,0.0
D.J. Reader,NT,Houston Texans,526,0.024390243902439025,0.1951219512195122,0.14634146341463414,0.3170731707317073,0.17073170731707318,0.0975609756097561,0.04878048780487805
Vontae Davis,CB,Indianapolis Colts,258,0.4,0.4,0.0,0.0,0.0,0.0,0.2
Pierre Desir,CB,Indianapolis Colts,135,0.3333333333333333,0.16666666666666666,0.0,0.3333333333333333,0.0,0.0,0.16666666666666666
Nate Hairston,CB,Indianapolis Colts,155,0.0,0.0,0.0,0.3333333333333333,0.0,0.3333333333333333,0.3333333333333333
Rashaan Melvin,CB,Indianapolis Colts,383,0.0,0.0,0.1111111111111111,0.4444444444444444,0.0,0.2222222222222222,0.2222222222222222
Kenny Moore,CB,Indianapolis Colts,45,0.0,0.0,0.0,0.0,0.0,0.0,1.0
Quincy Wilson,CB,Indianapolis Colts,386,0.5,0.0,0.125,0.25,0.0,0.0,0.125
Henry Anderson,DE,Indianapolis Colts,331,0.13333333333333333,0.06666666666666667,0.0,0.4666666666666667,0.06666666666666667,0.2,0.06666666666666667
Margus Hunt,DE,Indianapolis Colts,441,0.12,0.08,0.04,0.36,0.04,0.2,0.16
Johnathan Hankins,DT,Indianapolis Colts,656,0.024390243902439025,0.0,0.024390243902439025,0.5365853658536586,0.1951219512195122,0.17073170731707318,0.04878048780487805
Joey Mbu,DT,Indianapolis Colts,45,0.0,0.3333333333333333,0.0,0.3333333333333333,0.0,0.0,0.3333333333333333
Hassan Ridgeway,DT,Indianapolis Colts,115,0.2222222222222222,0.0,0.2222222222222222,0.1111111111111111,0.1111111111111111,0.3333333333333333,0.0
Darius Butler,FS,Indianapolis Colts,214,0.0,0.125,0.125,0.375,0.0,0.0,0.375
Clayton Geathers,FS,Indianapolis Colts,108,0.0,0.14285714285714285,0.0,0.5714285714285714,0.0,0.14285714285714285,0.14285714285714285
Malik Hooker,FS,Indianapolis Colts,216,0.0,0.0,0.0,0.6666666666666666,0.0,0.16666666666666666,0.16666666666666666
Jonathan Bostic,LB,Indianapolis Colts,914,0.13559322033898305,0.0847457627118644,0.05084745762711865,0.3389830508474576,0.06779661016949153,0.15254237288135594,0.1694915254237288
Barkevious Mingo,LB,Indianapolis Colts,440,0.0,0.18518518518518517,0.07407407407407407,0.2222222222222222,0.25925925925925924,0.037037037037037035,0.2222222222222222
Antonio Morrison,LB,Indianapolis Colts,811,0.13157894736842105,0.06578947368421052,0.06578947368421052,0.27631578947368424,0.14473684210526316,0.18421052631578946,0.13157894736842105
Jabaal Sheard,LB,Indianapolis Colts,839,0.075,0.1,0.1,0.35,0.125,0.125,0.125
John Simon,LB,Indianapolis Colts,470,0.03333333333333333,0.16666666666666666,0.03333333333333333,0.5,0.0,0.1,0.16666666666666666
Anthony Walker,LB,Indianapolis Colts,115,0.0,0.0,0.09090909090909091,0.18181818181818182,0.2727272727272727,0.2727272727272727,0.18181818181818182
Grover Stewart,NT,Indianapolis Colts,192,0.09090909090909091,0.09090909090909091,0.09090909090909091,0.45454545454545453,0.045454545454545456,0.18181818181818182,0.045454545454545456
Al Woods,NT,Indianapolis Colts,496,0.05,0.075,0.075,0.475,0.1,0.225,0.0
Matthias Farley,SS,Indianapolis Colts,822,0.0967741935483871,0.11290322580645161,0.08064516129032258,0.3225806451612903,0.14516129032258066,0.08064516129032258,0.16129032258064516
T.J. Green,SS,Indianapolis Colts,366,0.037037037037037035,0.037037037037037035,0.07407407407407407,0.2962962962962963,0.1111111111111111,0.18518518518518517,0.25925925925925924
